13 12
2503 45
2504 45
4122 45
6144 45
6145 45
6146 45
6283 45
6284 45
6285 45
6286 45
45 46
164 99
165 99
166 99
167 99
168 99
169 99
170 99
171 99
172 99
173 99
174 99
175 99
176 99
177 99
270 99
271 99
272 99
273 99
274 99
275 99
276 99
277 99
278 99
279 99
280 99
281 99
282 99
283 99
284 99
285 99
286 99
287 99
288 99
289 99
290 99
291 99
292 99
293 99
294 99
295 99
296 99
297 99
298 99
299 99
300 99
301 99
302 99
303 99
304 99
305 99
306 99
307 99
308 99
309 99
310 99
311 99
312 99
313 99
256 99
314 99
315 99
257 99
316 99
317 99
318 99
319 99
320 99
321 99
322 99
323 99
324 99
325 99
326 99
327 99
260 99
328 99
329 99
330 99
331 99
332 99
333 99
334 99
335 99
336 99
337 99
338 99
339 99
340 99
341 99
342 99
343 99
344 99
345 99
346 99
347 99
348 99
349 99
350 99
351 99
352 99
353 99
354 99
355 99
356 99
357 99
358 99
267 99
359 99
360 99
361 99
362 99
363 99
364 99
365 99
366 99
367 99
729 99
730 99
731 99
732 99
733 99
734 99
735 99
736 99
737 99
738 99
739 99
740 99
741 99
742 99
743 99
744 99
745 99
746 99
747 99
748 99
749 99
750 99
751 99
752 99
753 99
754 99
755 99
756 99
757 99
758 99
759 99
760 99
761 99
762 99
763 99
764 99
765 99
766 99
767 99
768 99
769 99
770 99
771 99
772 99
773 99
774 99
775 99
776 99
777 99
778 99
779 99
780 99
781 99
782 99
783 99
784 99
785 99
786 99
787 99
788 99
789 99
790 99
791 99
792 99
793 99
794 99
795 99
796 99
797 99
798 99
799 99
800 99
801 99
802 99
803 99
804 99
805 99
806 99
807 99
808 99
809 99
810 99
811 99
812 99
813 99
814 99
815 99
816 99
817 99
818 99
819 99
820 99
821 99
822 99
823 99
824 99
825 99
826 99
827 99
828 99
829 99
830 99
831 99
832 99
833 99
834 99
835 99
836 99
837 99
838 99
839 99
840 99
841 99
842 99
843 99
844 99
845 99
846 99
847 99
848 99
849 99
850 99
851 99
852 99
853 99
854 99
855 99
856 99
857 99
858 99
859 99
860 99
861 99
862 99
863 99
864 99
865 99
866 99
867 99
868 99
869 99
870 99
871 99
872 99
873 99
874 99
875 99
876 99
877 99
878 99
879 99
880 99
881 99
882 99
883 99
884 99
885 99
886 99
887 99
888 99
889 99
890 99
891 99
892 99
893 99
894 99
895 99
896 99
897 99
898 99
899 99
900 99
901 99
902 99
903 99
904 99
905 99
906 99
907 99
908 99
909 99
910 99
911 99
912 99
913 99
914 99
915 99
916 99
917 99
918 99
919 99
920 99
921 99
922 99
923 99
924 99
925 99
926 99
927 99
928 99
929 99
930 99
931 99
932 99
933 99
934 99
935 99
936 99
937 99
938 99
939 99
940 99
941 99
942 99
943 99
944 99
945 99
946 99
947 99
948 99
949 99
950 99
951 99
952 99
953 99
954 99
955 99
956 99
957 99
958 99
959 99
960 99
961 99
962 99
963 99
964 99
965 99
966 99
967 99
968 99
969 99
970 99
971 99
972 99
973 99
974 99
975 99
976 99
977 99
978 99
979 99
980 99
981 99
982 99
983 99
984 99
985 99
986 99
987 99
988 99
989 99
1022 99
1023 99
1024 99
1025 99
1026 99
1027 99
1028 99
1029 99
1030 99
1031 99
1032 99
1033 99
1078 99
1079 99
1080 99
1081 99
1082 99
1083 99
1084 99
1085 99
1086 99
1087 99
1088 99
1089 99
1090 99
1091 99
1092 99
1093 99
1094 99
1095 99
1096 99
1097 99
1098 99
1099 99
1100 99
1101 99
1102 99
1103 99
1104 99
1105 99
1106 99
1107 99
1108 99
1109 99
1110 99
1111 99
1112 99
1113 99
1114 99
1115 99
1116 99
1117 99
1118 99
1119 99
1120 99
1121 99
1122 99
1123 99
1124 99
1125 99
1126 99
1127 99
1128 99
1129 99
1130 99
1131 99
1132 99
1133 99
1134 99
1135 99
1136 99
1137 99
1138 99
1139 99
1140 99
1141 99
1142 99
1143 99
1144 99
1145 99
1146 99
1147 99
1148 99
1149 99
1150 99
1151 99
1152 99
1153 99
1154 99
1155 99
1156 99
1157 99
1158 99
1159 99
1160 99
1161 99
1162 99
1163 99
1164 99
1165 99
1166 99
1167 99
1168 99
1169 99
1170 99
1171 99
1172 99
1173 99
1174 99
1175 99
1176 99
1177 99
1178 99
1179 99
1180 99
1181 99
1182 99
1183 99
1184 99
1185 99
1186 99
1187 99
1188 99
1189 99
1190 99
1191 99
1192 99
1193 99
1194 99
1195 99
1196 99
1197 99
1198 99
1199 99
1200 99
1201 99
1202 99
1203 99
1204 99
1205 99
1206 99
1207 99
1208 99
1209 99
1210 99
1211 99
1212 99
1213 99
1214 99
1215 99
1216 99
1217 99
1218 99
1219 99
1230 99
1231 99
1232 99
1233 99
1234 99
1235 99
1236 99
1237 99
1238 99
1239 99
1240 99
1241 99
1242 99
1243 99
1244 99
1245 99
1246 99
1247 99
1248 99
1249 99
1250 99
1251 99
1252 99
1253 99
1254 99
1255 99
1256 99
1257 99
1258 99
1259 99
1260 99
1261 99
1262 99
1263 99
1264 99
1265 99
1266 99
1267 99
1268 99
1269 99
1270 99
1271 99
1272 99
1273 99
1274 99
1275 99
1276 99
1277 99
1278 99
1279 99
1280 99
1281 99
1282 99
1283 99
1284 99
1285 99
1286 99
1287 99
1288 99
1289 99
1290 99
1291 99
1292 99
1293 99
1294 99
1295 99
1296 99
1297 99
1298 99
1299 99
1300 99
1301 99
1302 99
1303 99
1304 99
1305 99
1306 99
1307 99
1308 99
1309 99
1310 99
1311 99
1312 99
1313 99
1314 99
1315 99
1316 99
1317 99
1318 99
1319 99
1320 99
1321 99
1322 99
1323 99
1324 99
1325 99
1326 99
1327 99
1328 99
1329 99
1330 99
1331 99
1332 99
1333 99
1334 99
1335 99
1336 99
1337 99
1338 99
1339 99
1340 99
1341 99
1342 99
1343 99
1344 99
1345 99
1346 99
1347 99
1348 99
1349 99
1350 99
1351 99
1352 99
1353 99
1354 99
1355 99
705 99
1356 99
1357 99
708 99
1358 99
1359 99
711 99
1360 99
1361 99
1362 99
1363 99
1364 99
1365 99
1366 99
1367 99
1368 99
1369 99
1370 99
1371 99
1372 99
1373 99
1374 99
1375 99
1376 99
1377 99
1378 99
1379 99
1380 99
1381 99
1382 99
1383 99
1384 99
1385 99
1386 99
1387 99
1388 99
12 99
1389 99
1390 99
1391 99
1392 99
1393 99
1394 99
1395 99
1396 99
1397 99
1398 99
1399 99
1400 99
1401 99
1402 99
1403 99
1404 99
1405 99
1406 99
1407 99
1408 99
1409 99
1410 99
1411 99
1412 99
1413 99
1414 99
1415 99
1416 99
1417 99
1418 99
1419 99
1420 99
1421 99
1422 99
1423 99
1424 99
1425 99
1426 99
1427 99
1428 99
1429 99
1430 99
1431 99
1432 99
1433 99
1434 99
1435 99
1436 99
1437 99
1438 99
1439 99
1440 99
1441 99
1442 99
1443 99
1444 99
1445 99
1446 99
1447 99
1448 99
1449 99
1450 99
1451 99
1452 99
1453 99
1454 99
1455 99
1456 99
1457 99
1497 99
1498 99
1499 99
1500 99
1501 99
1502 99
1503 99
1504 99
1505 99
1506 99
1507 99
1508 99
1509 99
1510 99
1511 99
1512 99
1513 99
1514 99
1515 99
1516 99
1517 99
1518 99
1519 99
1520 99
1521 99
1522 99
1523 99
1524 99
1525 99
1526 99
1527 99
1528 99
1529 99
1530 99
1531 99
1532 99
1533 99
1534 99
1535 99
1536 99
1537 99
1538 99
1539 99
1540 99
1541 99
1542 99
1543 99
1544 99
1545 99
1546 99
1562 99
1563 99
1564 99
1565 99
1566 99
1567 99
1568 99
1569 99
1570 99
1571 99
1572 99
1573 99
1574 99
1575 99
1576 99
1577 99
1578 99
1579 99
1580 99
1581 99
1582 99
1583 99
1584 99
1585 99
1586 99
1587 99
1588 99
1589 99
1590 99
1591 99
1592 99
1593 99
6374 99
6375 99
6376 99
6377 99
1332 99
6378 99
77 101
78 101
79 101
80 101
81 101
82 101
83 101
84 101
85 101
86 101
87 101
88 101
89 101
90 101
91 101
92 101
93 101
94 101
95 101
96 101
97 101
98 101
99 101
100 101
3318 104
7375 122
3623 134
3624 134
7172 158
102 162
103 162
104 162
105 162
106 162
107 162
108 162
109 162
110 162
111 162
112 162
113 162
114 162
115 162
116 162
117 162
118 162
119 162
120 162
121 162
122 162
123 162
124 162
125 162
126 162
127 162
128 162
129 162
130 162
131 162
132 162
133 162
134 162
135 162
136 162
137 162
138 162
139 162
140 162
141 162
142 162
143 162
144 162
145 162
146 162
147 162
148 162
149 162
150 162
151 162
152 162
153 162
99 162
154 162
155 162
156 162
157 162
158 162
159 162
160 162
161 162
163 162
6693 203
178 246
179 246
180 246
181 246
182 246
183 246
184 246
185 246
186 246
187 246
188 246
189 246
190 246
191 246
192 246
193 246
194 246
195 246
196 246
197 246
198 246
199 246
200 246
201 246
202 246
203 246
204 246
205 246
206 246
207 246
208 246
209 246
210 246
211 246
212 246
213 246
214 246
215 246
216 246
217 246
218 246
219 246
220 246
221 246
222 246
223 246
224 246
225 246
226 246
227 246
228 246
229 246
230 246
231 246
232 246
233 246
234 246
235 246
236 246
237 246
99 246
238 246
239 246
240 246
241 246
242 246
243 246
244 246
245 246
6078 258
247 269
248 269
249 269
250 269
251 269
252 269
253 269
254 269
255 269
256 269
257 269
258 269
259 269
260 269
261 269
262 269
263 269
264 269
265 269
266 269
99 269
267 269
268 269
7870 317
7871 317
7872 317
7873 317
7874 317
7150 333
7151 333
7152 333
7151 333
2661 357
2662 357
2663 357
2664 357
4631 534
368 613
369 613
370 613
371 613
372 613
373 613
374 613
375 613
376 613
377 613
378 613
379 613
380 613
381 613
382 613
383 613
384 613
385 613
386 613
387 613
388 613
389 613
390 613
391 613
392 613
393 613
394 613
395 613
396 613
397 613
398 613
399 613
400 613
401 613
402 613
403 613
404 613
405 613
406 613
407 613
408 613
409 613
410 613
411 613
412 613
413 613
414 613
415 613
416 613
417 613
418 613
419 613
420 613
421 613
422 613
423 613
424 613
425 613
426 613
427 613
428 613
429 613
430 613
431 613
432 613
433 613
434 613
435 613
436 613
437 613
438 613
439 613
440 613
441 613
442 613
443 613
444 613
445 613
446 613
447 613
448 613
449 613
450 613
451 613
452 613
453 613
454 613
455 613
456 613
457 613
458 613
459 613
460 613
461 613
462 613
463 613
464 613
465 613
466 613
467 613
468 613
469 613
470 613
471 613
472 613
473 613
474 613
475 613
476 613
477 613
478 613
479 613
480 613
481 613
482 613
483 613
484 613
485 613
486 613
487 613
488 613
489 613
490 613
491 613
492 613
493 613
494 613
495 613
496 613
497 613
498 613
499 613
500 613
501 613
502 613
503 613
504 613
505 613
506 613
507 613
508 613
509 613
510 613
511 613
512 613
513 613
514 613
515 613
516 613
517 613
518 613
519 613
520 613
521 613
522 613
523 613
524 613
525 613
526 613
527 613
528 613
529 613
530 613
531 613
532 613
533 613
534 613
535 613
536 613
537 613
538 613
539 613
540 613
541 613
542 613
543 613
544 613
545 613
546 613
547 613
548 613
549 613
550 613
551 613
552 613
553 613
554 613
555 613
556 613
557 613
558 613
559 613
560 613
561 613
562 613
563 613
564 613
565 613
566 613
567 613
568 613
569 613
570 613
571 613
572 613
573 613
574 613
575 613
576 613
577 613
578 613
579 613
580 613
581 613
582 613
99 613
583 613
584 613
585 613
586 613
587 613
588 613
589 613
590 613
591 613
592 613
593 613
594 613
595 613
596 613
597 613
598 613
599 613
600 613
601 613
602 613
603 613
604 613
605 613
606 613
607 613
608 613
609 613
610 613
611 613
612 613
614 622
615 622
616 622
617 622
618 622
619 622
99 622
620 622
621 622
7824 683
7825 683
7826 683
623 684
624 684
625 684
626 684
627 684
628 684
629 684
630 684
403 684
631 684
632 684
421 684
633 684
634 684
635 684
636 684
637 684
638 684
639 684
640 684
641 684
642 684
643 684
644 684
645 684
466 684
646 684
647 684
648 684
649 684
650 684
651 684
652 684
653 684
654 684
655 684
516 684
656 684
657 684
658 684
659 684
660 684
661 684
662 684
663 684
664 684
665 684
666 684
667 684
668 684
669 684
670 684
671 684
672 684
569 684
673 684
99 684
674 684
675 684
586 684
588 684
676 684
677 684
678 684
679 684
680 684
681 684
682 684
683 684
611 684
685 728
686 728
687 728
688 728
689 728
690 728
691 728
692 728
693 728
694 728
695 728
696 728
697 728
698 728
699 728
700 728
701 728
702 728
703 728
704 728
705 728
706 728
707 728
708 728
709 728
710 728
711 728
712 728
713 728
714 728
715 728
716 728
717 728
718 728
719 728
720 728
721 728
722 728
99 728
723 728
724 728
725 728
726 728
727 728
3328 910
990 1021
991 1021
992 1021
993 1021
994 1021
995 1021
996 1021
997 1021
998 1021
999 1021
1000 1021
1001 1021
1002 1021
1003 1021
1004 1021
1005 1021
1006 1021
1007 1021
1008 1021
1009 1021
1010 1021
1011 1021
1012 1021
1013 1021
1014 1021
1015 1021
1016 1021
1017 1021
1018 1021
99 1021
1019 1021
1020 1021
1034 1076
1035 1076
1036 1076
1037 1076
1038 1076
1039 1076
1040 1076
1041 1076
1042 1076
1043 1076
1044 1076
1045 1076
1046 1076
1047 1076
1048 1076
1049 1076
1050 1076
1051 1076
1052 1076
1053 1076
1054 1076
1055 1076
1056 1076
1057 1076
1058 1076
1059 1076
1060 1076
1061 1076
1062 1076
1063 1076
1064 1076
1065 1076
1066 1076
1067 1076
1068 1076
1069 1076
1070 1076
1071 1076
99 1076
1072 1076
1073 1076
1074 1076
1075 1076
1077 1076
3718 1087
3719 1087
3329 1159
6975 1178
3186 1194
3187 1194
3188 1194
3189 1194
3190 1194
3191 1194
1220 1229
1221 1229
1222 1229
1223 1229
1224 1229
1225 1229
1226 1229
1227 1229
1228 1229
99 1229
2783 1304
3240 1306
7209 1306
2536 1460
2537 1460
2538 1460
2539 1460
3442 1460
3669 1460
4154 1460
4670 1460
4680 1460
6170 1460
1458 1468
1459 1468
1460 1468
1461 1468
1462 1468
1463 1468
1464 1468
1465 1468
1466 1468
1467 1468
99 1468
1469 1476
1470 1476
1471 1476
1472 1476
1473 1476
1474 1476
1475 1476
99 1476
1477 1487
1478 1487
1479 1487
1480 1487
1481 1487
1482 1487
1483 1487
1484 1487
1485 1487
1486 1487
99 1487
1488 1496
1489 1496
1490 1496
1491 1496
1492 1496
99 1496
1493 1496
1494 1496
1495 1496
3087 1554
3099 1554
3089 1554
1547 1561
1548 1561
1549 1561
1550 1561
1551 1561
1552 1561
1553 1561
1554 1561
1555 1561
99 1561
1556 1561
1557 1561
1558 1561
1559 1561
1560 1561
7050 1591
7051 1591
1594 1600
1595 1600
1596 1600
1597 1600
1598 1600
99 1600
1599 1600
1605 1606
99 1606
1610 1611
1656 1657
1698 1699
1835 1838
1836 1838
1837 1838
1839 1838
1841 1840
1842 1840
1845 1846
1857 1856
1858 1856
1866 1872
1867 1872
1868 1872
1869 1872
1870 1872
99 1872
1871 1872
1873 1875
1874 1875
1876 1875
1877 1875
1878 1875
1879 1875
1880 1875
1881 1875
1882 1875
1883 1875
1884 1875
1885 1875
1886 1875
99 1875
1887 1875
1888 1875
1889 1875
1890 1875
1891 1875
1892 1875
1893 1875
1894 1875
1895 1875
1896 1875
1897 1875
1898 1875
1899 1875
1900 1875
1901 1875
1902 1875
1903 1875
1904 1875
1905 1875
1906 1875
1907 1875
1908 1875
1909 1875
1910 1875
1911 1875
1912 1875
1913 1875
1914 1875
1915 1875
1916 1875
1917 1875
1918 1875
1919 1875
1920 1875
1921 1875
1922 1875
1923 1875
1924 1875
1925 1875
1926 1875
1927 1875
1928 1875
1929 1875
1930 1875
1931 1875
1932 1875
1933 1875
1934 1875
1935 1875
1936 1875
1937 1875
1938 1875
1939 1875
1940 1875
5495 1875
5159 1875
5496 1875
5497 1875
5498 1875
5499 1875
5500 1875
5112 1875
5501 1875
5502 1875
5503 1875
5504 1875
4283 1875
5505 1875
5506 1875
5507 1875
99 1875
5508 1875
5509 1875
5510 1875
5511 1875
5512 1875
5513 1875
5514 1875
5515 1875
5516 1875
5517 1875
5518 1875
5519 1875
5520 1875
5521 1875
5522 1875
5523 1875
5524 1875
5525 1875
5526 1875
5527 1875
5528 1875
5529 1875
5530 1875
5531 1875
2959 1875
5532 1875
4316 1875
5533 1875
5534 1875
5535 1875
5536 1875
5537 1875
5538 1875
5539 1875
5540 1875
5541 1875
5542 1875
5543 1875
5544 1875
5158 1875
5545 1875
1944 1951
1945 1951
1946 1951
1947 1951
1948 1951
1949 1951
1950 1951
1952 1954
1953 1954
1955 1954
1956 1954
1957 1954
1958 1954
1959 1954
1952 1975
1976 1977
2306 1977
2307 1977
2307 1977
3524 1977
3934 1977
3524 1977
4419 1977
4419 1977
5979 1977
3524 1977
1980 1979
2049 2051
2050 2051
2144 2143
2237 2238
45 2238
2239 2238
2275 2276
2277 2276
2298 2299
2993 2299
3021 2299
3022 2299
3515 2299
4398 2299
1858 2299
6754 2299
3653 2299
2331 2332
2050 2345
2346 2345
2352 2361
2353 2361
2354 2361
2355 2361
2356 2361
2357 2361
2358 2361
2359 2361
2360 2361
2362 2361
2370 2369
2371 2369
2372 2369
2389 2467
2390 2467
2391 2467
2392 2467
2393 2467
2394 2467
2395 2467
2396 2467
2397 2467
2398 2467
2399 2467
2400 2467
2401 2467
2402 2467
2403 2467
2404 2467
2405 2467
2406 2467
2407 2467
2408 2467
2409 2467
2410 2467
2411 2467
2412 2467
2413 2467
2414 2467
2415 2467
2416 2467
2417 2467
2418 2467
2419 2467
2420 2467
2421 2467
2422 2467
2423 2467
2424 2467
2425 2467
2426 2467
2427 2467
2428 2467
2429 2467
2430 2467
2431 2467
2432 2467
2433 2467
2434 2467
2435 2467
2436 2467
2437 2467
2438 2467
2439 2467
2440 2467
2441 2467
2442 2467
2443 2467
2444 2467
2445 2467
2446 2467
2447 2467
2448 2467
2449 2467
2450 2467
2451 2467
2452 2467
2453 2467
2454 2467
2455 2467
2456 2467
2457 2467
2458 2467
2459 2467
2460 2467
2461 2467
2462 2467
2463 2467
2464 2467
2465 2467
2466 2467
2468 2467
2469 2467
2470 2467
2471 2467
2472 2467
2473 2467
2514 2513
2515 2513
383 2609
2610 2609
2777 2778
1842 2778
2779 2778
2782 2785
2783 2785
2784 2785
2786 2785
2787 2785
2788 2785
2789 2785
2790 2785
2791 2785
3279 2805
3280 2805
2803 2846
1880 2846
2804 2846
2805 2846
2806 2846
2807 2846
2808 2846
99 2846
2809 2846
2810 2846
2811 2846
2812 2846
2813 2846
2814 2846
2815 2846
2816 2846
2817 2846
2818 2846
2819 2846
2820 2846
2821 2846
2822 2846
2823 2846
2824 2846
2825 2846
2826 2846
2827 2846
2828 2846
2829 2846
2830 2846
2831 2846
2832 2846
2833 2846
2834 2846
2835 2846
2836 2846
2837 2846
2838 2846
2839 2846
2840 2846
2841 2846
2842 2846
2843 2846
2844 2846
2845 2846
2847 2846
2848 2846
2849 2846
2850 2846
2851 2846
2852 2846
2853 2846
2854 2846
2855 2846
2856 2846
2857 2884
2858 2884
2859 2884
2860 2884
2861 2884
1880 2884
2862 2884
2863 2884
2370 2884
2864 2884
2865 2884
99 2884
2866 2884
2867 2884
2868 2884
2869 2884
2870 2884
2871 2884
2872 2884
2873 2884
2874 2884
2875 2884
2876 2884
2877 2884
2878 2884
2879 2884
2880 2884
2881 2884
2882 2884
2883 2884
2885 2884
2886 2884
2887 2884
2888 2884
2889 2884
2890 2884
2891 2884
2892 2884
2893 2884
2894 2884
2895 2884
2896 2884
2897 2884
2898 2884
2899 2884
2900 2884
2901 2884
2902 2884
2903 2884
2904 2884
2905 2884
1926 2884
2906 2884
2907 2884
2908 2884
2909 2884
2910 2884
2911 2884
2912 2884
2913 2884
2914 2884
2915 2884
1935 2884
6808 2896
5876 2896
7586 2896
7587 2896
7588 2896
2916 2917
2918 2917
2919 2917
2920 2917
2921 2917
2924 2960
2925 2960
2926 2960
1656 2960
2927 2960
1880 2960
2928 2960
2275 2960
2370 2960
2929 2960
2930 2960
2931 2960
2932 2960
2933 2960
2934 2960
1836 2960
99 2960
2935 2960
2936 2960
2937 2960
2938 2960
2939 2960
2940 2960
2941 2960
2942 2960
2943 2960
2944 2960
2945 2960
2946 2960
2947 2960
2948 2960
2949 2960
2950 2960
2951 2960
2952 2960
2953 2960
2954 2960
2955 2960
2956 2960
2957 2960
2958 2960
2959 2960
2961 2960
2962 2960
2963 2960
2964 2960
2965 2960
2966 2960
2967 2960
2968 2960
2969 2960
2970 2960
2971 2960
2972 2960
2973 2960
2974 2960
2975 2960
2976 2960
2977 2960
1939 2960
2978 2960
2979 2960
2980 2960
2994 3001
2995 3001
2996 3001
2997 3001
2998 3001
2999 3001
3000 3001
3002 3001
3003 3001
3004 3001
1839 3001
4278 3002
4279 3002
4280 3002
4281 3002
4282 3002
4283 3002
4284 3002
4285 3002
4286 3002
99 3002
1980 3002
4287 3002
4288 3002
4289 3002
4290 3002
4291 3002
4292 3002
2821 3002
4293 3002
4294 3002
4295 3002
4296 3002
4297 3002
4298 3002
4299 3002
4300 3002
4301 3002
4302 3002
4303 3002
4304 3002
4305 3002
4306 3002
4307 3002
4308 3002
4309 3002
4310 3002
4311 3002
4312 3002
4313 3002
4314 3002
4315 3002
4316 3002
4317 3002
4318 3002
4319 3002
4320 3002
4321 3002
4322 3002
1932 3002
4323 3002
4324 3002
4325 3002
4326 3002
7085 3011
3007 3014
3008 3014
3009 3014
1944 3014
3010 3014
3011 3014
3012 3014
3013 3014
3015 3014
3016 3014
3017 3014
3018 3014
3024 3023
2306 3023
3025 3023
3026 3023
3027 3023
3028 3023
3029 3023
3030 3023
3031 3037
3032 3037
1955 3037
3033 3037
3034 3037
3035 3037
3036 3037
3038 3037
3039 3037
3030 3037
3088 3087
3089 3087
3090 3087
3874 3158
3158 3159
1610 3181
4274 3238
4275 3238
3238 3241
3239 3241
3240 3241
3251 3253
3252 3253
3252 3254
2346 3254
3282 3281
2370 3281
2372 3281
3318 3319
3318 3319
3361 3362
3280 3362
3384 3383
3251 3618
3617 3618
2995 3640
3638 3640
3639 3640
3004 3640
3654 3653
3673 3676
3674 3676
3675 3676
2458 3676
3677 3676
3678 3676
3679 3676
3680 3676
3681 3676
3682 3676
3697 3698
3699 3698
2458 3698
3700 3698
3701 3698
45 3705
3702 3705
3703 3705
3704 3705
3706 3705
3707 3708
1842 3863
3864 3863
2783 3873
3887 3899
3888 3899
3889 3899
3890 3899
3891 3899
3892 3899
3893 3899
2782 3899
3894 3899
3895 3899
3896 3899
3897 3899
3898 3899
3900 3899
3901 3899
3902 3899
3903 3899
3907 3908
3907 3909
3911 3910
1176 3910
3033 3910
3912 3913
3009 3913
3914 3913
1948 3913
3915 3913
3916 3913
3917 3913
3918 3913
3919 3913
3920 3913
3952 3953
4190 4192
4191 4192
2783 4249
2783 4250
6488 4250
4249 4255
4250 4255
4251 4255
4252 4255
2783 4255
4253 4255
4254 4255
4256 4255
4257 4255
4249 4261
4262 4261
2783 4261
4263 4261
4255 4261
4264 4261
4265 4261
4327 4333
3874 4333
4328 4333
4329 4333
4330 4333
4331 4333
4332 4333
4334 4333
4335 4333
4336 4333
3707 4333
4337 4333
4283 4333
4338 4333
4339 4333
4340 4333
4341 4333
99 4333
4342 4333
4343 4333
4344 4333
4345 4333
4346 4333
4347 4333
4348 4333
4349 4333
4350 4333
4351 4333
4352 4333
4353 4333
4354 4333
4355 4333
4356 4333
4357 4333
2821 4333
4358 4333
4359 4333
4360 4333
4361 4333
4362 4333
4363 4333
4364 4333
4365 4333
4366 4333
4367 4333
4368 4333
4369 4333
4370 4333
4371 4333
4372 4333
4373 4333
4374 4333
4375 4333
4376 4333
4377 4333
4378 4333
4379 4333
4380 4333
4381 4333
4382 4333
4383 4333
4384 4333
4385 4333
4386 4333
4387 4333
4388 4333
4389 4333
1952 4418
1610 4480
4485 4487
4486 4487
3617 4488
4486 4488
4507 4506
3639 4506
4508 4506
4509 4506
4556 4559
45 4559
4557 4559
2332 4559
4558 4559
4560 4559
4561 4559
45 4575
4573 4575
4574 4575
4576 4575
3706 4575
4577 4575
4655 4656
1222 4656
2777 4764
1842 4764
4765 4764
4766 4764
1842 4767
4768 4767
1842 4769
4770 4769
4771 4769
4780 4802
4781 4802
4782 4802
4783 4802
4784 4802
4785 4802
4786 4802
4787 4802
4788 4802
4789 4802
4790 4802
4791 4802
4792 4802
4793 4802
4794 4802
4795 4802
4796 4802
4797 4802
4798 4802
4799 4802
4800 4802
4801 4802
4803 4802
4804 4802
4805 4802
4806 4802
4807 4802
4808 4802
4809 4802
4810 4802
4811 4802
4812 4802
4813 4802
4814 4802
4815 4802
4816 4802
4817 4802
4818 4802
4819 4802
4820 4802
4821 4802
4822 4802
4823 4802
4824 4802
4825 4802
4826 4802
4827 4802
4828 4802
4829 4802
4830 4802
4831 4802
4832 4802
4833 4802
4834 4802
4835 4802
4836 4802
4837 4802
4838 4802
4839 4802
4840 4802
4841 4802
4842 4802
4843 4802
4844 4802
4845 4802
4846 4802
4847 4802
4848 4802
4849 4802
4850 4802
4851 4802
4852 4802
4853 4802
4854 4802
4855 4802
4856 4802
4857 4802
4858 4802
4859 4802
4860 4802
4861 4802
4862 4802
4863 4802
4864 4802
4865 4802
4866 4802
4867 4802
4868 4802
4869 4802
4870 4802
4871 4802
4872 4802
4873 4802
4874 4802
4875 4802
4876 4802
4877 4802
4878 4802
4879 4802
4880 4802
4881 4802
4882 4802
4883 4802
4884 4802
4885 4802
4886 4802
4887 4802
4888 4802
4889 4802
4890 4802
4891 4802
4892 4802
4893 4802
4894 4802
4895 4802
4896 4802
4897 4802
4898 4802
4899 4802
4900 4802
4901 4802
4902 4802
4903 4802
4904 4802
4905 4802
4906 4802
4907 4802
4908 4802
4909 4802
4910 4802
4911 4802
4912 4802
4913 4802
4914 4802
4915 4802
4916 4802
4917 4802
4918 4802
4919 4802
4920 4802
4921 4802
4922 4802
4923 4802
4924 4802
4925 4802
4926 4802
4927 4802
6070 4850
6071 4850
1845 4932
1845 4934
4933 4934
4963 4964
1842 4964
2783 4965
5029 5041
5030 5041
5031 5041
5032 5041
5033 5041
5034 5041
2514 5041
5035 5041
5036 5041
5037 5041
99 5041
5038 5041
5039 5041
5040 5041
2361 5041
5042 5041
5043 5041
5044 5041
5045 5041
5046 5041
5047 5041
5048 5041
5049 5041
5050 5041
5051 5041
5052 5041
5053 5041
5054 5041
5055 5041
5056 5041
5057 5041
5058 5041
5059 5041
5060 5041
5061 5041
2842 5041
4325 5041
5062 5041
5063 5041
5064 5041
6471 5052
6472 5052
6473 5052
6474 5052
5065 5069
5066 5069
5067 5069
99 5069
5068 5069
5070 5069
5071 5069
5072 5069
5073 5069
5074 5069
5075 5069
5076 5069
5077 5069
5078 5069
5079 5069
5080 5069
5081 5069
1905 5069
5082 5069
5083 5069
5084 5069
5085 5069
5086 5069
5087 5069
5088 5069
5089 5069
5090 5069
5091 5069
2917 5069
5092 5069
5093 5069
5094 5069
2836 5069
5095 5069
5096 5069
5097 5069
4310 5069
5098 5069
5099 5069
5100 5069
5101 5069
5102 5069
5103 5069
5104 5136
5105 5136
5106 5136
5107 5136
5108 5136
5109 5136
5110 5136
5111 5136
5112 5136
5113 5136
4283 5136
5114 5136
5115 5136
99 5136
5116 5136
5117 5136
5118 5136
5119 5136
5120 5136
5121 5136
5122 5136
5123 5136
5124 5136
5125 5136
5126 5136
5127 5136
5128 5136
5129 5136
5130 5136
5131 5136
5132 5136
5133 5136
5134 5136
5135 5136
4257 5136
5137 5136
5138 5136
5139 5136
5140 5136
5141 5136
5142 5136
5143 5136
5144 5136
5145 5136
5146 5136
5147 5136
5148 5136
5149 5136
5150 5136
5151 5136
5152 5136
5153 5136
5154 5136
5155 5136
5156 5136
5157 5136
5158 5136
5159 5168
5160 5168
5161 5168
5162 5168
5163 5168
5164 5168
5165 5168
99 5168
5166 5168
5167 5168
5169 5168
5170 5168
5171 5168
5172 5168
5173 5168
5174 5168
5175 5168
5176 5168
5177 5168
5178 5168
5083 5168
5179 5168
5180 5168
5181 5168
5182 5168
5183 5168
5184 5168
5185 5168
5186 5168
5187 5168
5188 5168
2961 5168
5189 5168
5190 5168
5191 5168
5192 5168
5193 5168
5194 5168
5195 5168
5196 5168
5197 5168
5198 5168
5199 5168
5200 5168
5201 5227
5202 5227
5203 5227
5204 5227
5205 5227
99 5227
5206 5227
5207 5227
5208 5227
5209 5227
5210 5227
5211 5227
5212 5227
5213 5227
5214 5227
5215 5227
5216 5227
5217 5227
5218 5227
5219 5227
5220 5227
5221 5227
5222 5227
5223 5227
5224 5227
2890 5227
5225 5227
5226 5227
5228 5227
5229 5227
5230 5227
5231 5227
5232 5227
5233 5227
5234 5227
5235 5227
5236 5227
5237 5227
4312 5227
5238 5227
5239 5227
5240 5227
5241 5227
5242 5227
5243 5227
5244 5227
5245 5227
5247 5246
5248 5246
5249 5246
5250 5246
5251 5246
5252 5246
5253 5246
5254 5246
5255 5246
99 5246
5256 5246
5257 5246
5258 5246
5259 5246
5260 5246
5261 5246
5262 5246
5263 5246
5264 5246
5265 5246
5266 5246
5267 5246
5268 5246
5269 5246
5270 5246
5271 5246
5272 5246
5273 5246
5274 5246
5275 5246
5276 5246
5277 5246
5278 5246
5279 5246
5280 5246
5281 5246
5282 5246
5283 5246
5284 5246
5285 5246
4315 5246
5286 5246
5287 5246
5288 5246
5289 5246
5290 5246
5291 5246
5292 5246
5293 5246
5294 5246
5295 5246
5296 5246
5297 5246
5298 5342
5299 5342
5300 5342
2331 5342
5301 5342
99 5342
5302 5342
5303 5342
5304 5342
5305 5342
5306 5342
5307 5342
5308 5342
5309 5342
5310 5342
5311 5342
5312 5342
5313 5342
5314 5342
5315 5342
5316 5342
5317 5342
5318 5342
5319 5342
5320 5342
5321 5342
5322 5342
5323 5342
5324 5342
5325 5342
5326 5342
5327 5342
5328 5342
5329 5342
5330 5342
5331 5342
5332 5342
5333 5342
5334 5342
5335 5342
5336 5342
5337 5342
5338 5342
5339 5342
5340 5342
5341 5342
5343 5342
5344 5342
5345 5342
5346 5342
5347 5342
5348 5379
5349 5379
3952 5379
5350 5379
5351 5379
5352 5379
5353 5379
5354 5379
4283 5379
5355 5379
5356 5379
99 5379
5357 5379
5358 5379
5359 5379
5360 5379
5361 5379
5362 5379
2819 5379
5363 5379
5364 5379
5365 5379
5366 5379
5367 5379
5368 5379
5369 5379
5370 5379
5371 5379
5372 5379
5373 5379
5374 5379
5375 5379
5376 5379
5377 5379
5378 5379
5380 5379
5381 5379
5382 5379
5383 5379
2972 5379
5384 5379
5385 5379
4326 5379
5386 5379
5387 5379
5388 5379
5389 5420
5390 5420
5391 5420
3907 5420
5392 5420
5393 5420
5394 5420
5395 5420
5396 5420
5397 5420
5398 5420
99 5420
5399 5420
5400 5420
5119 5420
5401 5420
5402 5420
5403 5420
5404 5420
5405 5420
5406 5420
5407 5420
5408 5420
5409 5420
5410 5420
5411 5420
5412 5420
5413 5420
5414 5420
5415 5420
5416 5420
5417 5420
5418 5420
5419 5420
5421 5420
5422 5420
5423 5420
5424 5420
4314 5420
5425 5420
5426 5420
5427 5420
5428 5420
5429 5420
5430 5420
5431 5420
5432 5420
5433 5420
5434 5420
5435 5420
5436 5420
5437 5420
5438 5420
5439 5420
5641 5469
5642 5469
5643 5469
5644 5469
5645 5469
5646 5469
3027 5469
5647 5469
5648 5469
2917 5469
5649 5469
5440 5479
1610 5479
5441 5479
5442 5479
5443 5479
5444 5479
5445 5479
5349 5479
5446 5479
5447 5479
5448 5479
99 5479
5449 5479
5450 5479
5451 5479
5452 5479
5453 5479
5454 5479
5455 5479
5456 5479
5457 5479
5458 5479
5459 5479
5460 5479
5461 5479
5462 5479
5463 5479
5464 5479
5465 5479
5466 5479
5467 5479
5468 5479
2831 5479
5469 5479
5470 5479
5471 5479
5472 5479
5473 5479
5474 5479
5475 5479
5476 5479
5477 5479
5478 5479
5480 5479
5481 5479
5482 5479
5483 5479
5484 5479
5485 5479
5486 5479
5487 5479
3254 5479
5488 5479
5489 5479
5490 5479
5491 5479
5492 5479
5493 5479
5593 5601
5594 5601
5595 5601
3918 5601
5596 5601
5597 5601
5598 5601
5599 5601
5600 5601
5602 5601
5604 5603
5605 5603
5606 5603
5607 5603
5608 5603
5609 5603
6746 5610
6747 5610
6748 5610
6749 5610
6750 5610
6751 5610
6752 5610
6753 5610
5610 5615
5611 5615
5612 5615
5613 5615
5614 5615
3915 5615
5616 5615
5617 5615
5618 5615
5619 5615
5620 5615
6384 5618
6385 5618
5632 5631
3025 5631
5633 5631
5634 5631
5635 5637
5636 5637
1176 5637
5638 5637
2144 5637
5639 5637
5640 5637
5650 5661
5651 5661
5652 5661
5653 5661
5641 5661
5654 5661
5642 5661
5655 5661
5656 5661
5657 5661
5658 5661
5659 5661
5660 5661
5662 5661
5669 5707
5670 5707
5671 5707
5672 5707
5673 5707
5674 5707
5675 5707
5631 5707
5676 5707
5677 5707
5678 5707
5679 5707
5680 5707
5681 5707
5682 5707
5642 5707
5683 5707
5684 5707
5685 5707
5686 5707
5687 5707
5688 5707
5689 5707
5690 5707
5691 5707
5692 5707
1977 5707
5693 5707
5694 5707
5695 5707
5696 5707
5697 5707
5698 5707
5699 5707
5700 5707
5656 5707
5701 5707
3034 5707
5702 5707
5703 5707
3036 5707
1913 5707
2896 5707
5704 5707
5705 5707
5706 5707
5632 5707
6706 5707
6707 5707
6587 5707
6708 5707
6046 5752
5920 5752
5708 5757
5709 5757
5710 5757
5711 5757
5712 5757
5713 5757
5714 5757
5631 5757
5715 5757
5716 5757
5717 5757
5718 5757
5719 5757
5720 5757
5721 5757
5722 5757
5723 5757
5724 5757
5725 5757
5726 5757
5641 5757
5727 5757
5728 5757
5682 5757
5729 5757
5730 5757
5642 5757
5731 5757
5732 5757
5733 5757
5734 5757
5735 5757
5736 5757
5737 5757
5738 5757
5739 5757
1954 5757
5740 5757
5741 5757
5742 5757
5743 5757
5744 5757
5745 5757
5746 5757
5747 5757
5748 5757
5749 5757
5698 5757
5750 5757
5656 5757
5751 5757
5752 5757
5753 5757
5754 5757
5755 5757
5756 5757
5758 5757
5759 5797
5669 5797
5712 5797
5760 5797
5761 5797
5762 5797
5763 5797
5764 5797
5765 5797
5766 5797
5767 5797
5768 5797
5769 5797
5631 5797
5676 5797
5770 5797
5771 5797
5772 5797
5773 5797
5774 5797
5775 5797
5776 5797
5777 5797
5778 5797
5779 5797
5780 5797
5781 5797
5782 5797
5783 5797
5784 5797
5785 5797
5682 5797
5729 5797
5642 5797
5786 5797
5787 5797
5788 5797
1952 5797
5789 5797
5790 5797
5791 5797
5792 5797
5793 5797
5794 5797
5795 5797
5796 5797
5798 5797
5799 5797
5800 5797
5801 5797
5802 5797
5803 5797
5804 5797
5805 5797
5806 5797
5807 5797
5808 5797
5809 5797
5810 5797
5811 5797
5812 5797
5813 5797
5814 5797
5815 5797
1977 5797
5693 5797
5816 5797
5817 5797
5818 5797
5819 5797
5820 5797
5821 5797
5822 5797
5697 5797
5823 5797
5824 5797
5656 5797
5825 5797
5826 5797
5827 5797
5451 5797
5660 5797
5669 5910
5828 5910
5829 5910
5830 5910
5831 5910
5832 5910
5833 5910
5761 5910
5763 5910
5834 5910
5651 5910
5631 5910
5835 5910
5836 5910
5837 5910
5838 5910
5839 5910
5840 5910
5841 5910
5842 5910
5843 5910
5844 5910
5845 5910
5846 5910
5847 5910
5848 5910
5849 5910
5850 5910
5851 5910
5852 5910
5853 5910
5854 5910
5855 5910
5856 5910
5857 5910
5858 5910
5859 5910
5860 5910
5861 5910
5862 5910
5682 5910
5863 5910
5864 5910
5865 5910
5866 5910
5642 5910
5867 5910
5868 5910
5869 5910
5870 5910
5871 5910
5793 5910
5733 5910
5872 5910
5873 5910
5874 5910
5875 5910
5876 5910
5798 5910
5736 5910
5877 5910
5878 5910
5879 5910
5880 5910
5881 5910
5882 5910
5802 5910
5883 5910
5884 5910
221 5910
5885 5910
5886 5910
5809 5910
5887 5910
5691 5910
5888 5910
5889 5910
5890 5910
5891 5910
5892 5910
5893 5910
5894 5910
5895 5910
1977 5910
5896 5910
5897 5910
5898 5910
5899 5910
5900 5910
5901 5910
5902 5910
5818 5910
5903 5910
5904 5910
5697 5910
5905 5910
5906 5910
5907 5910
5656 5910
5908 5910
5909 5910
5911 5910
5912 5910
5920 5922
5921 5922
5961 5922
5920 5922
6046 5922
5920 5922
6047 5922
5920 5922
3240 5995
5994 5995
5996 5995
45 6016
6017 6016
6018 6016
6019 6016
6020 6016
6026 6031
6027 6031
6028 6031
6029 6031
3000 6031
6030 6031
1839 6031
2143 6153
6152 6153
6154 6161
1365 6161
2458 6161
6155 6161
6156 6161
6157 6161
6158 6161
6159 6161
6160 6161
6162 6161
6163 6161
6192 6197
168 6197
6193 6197
6194 6197
6195 6197
3383 6197
6196 6197
158 6197
6198 6197
6199 6197
6200 6197
108 6236
6234 6236
6235 6236
6287 6288
383 6288
1080 6292
6293 6292
6294 6292
6356 6357
6358 6357
6386 6387
1199 6387
2777 6466
1842 6466
1510 6466
6467 6466
6468 6470
1842 6470
6469 6470
6476 6478
6477 6478
1842 6478
6479 6478
1845 6487
2783 6502
2783 6503
6526 6539
6527 6539
6528 6539
6529 6539
6530 6539
6531 6539
6532 6539
6533 6539
6534 6539
6535 6539
4192 6539
99 6539
6536 6539
6537 6539
6538 6539
6540 6539
6541 6539
4350 6539
6542 6539
6543 6539
6544 6539
6545 6539
6546 6539
6547 6539
6548 6539
5083 6539
6549 6539
6550 6539
6551 6539
6552 6539
6553 6539
6554 6539
6555 6539
6556 6539
6557 6539
6558 6539
6559 6539
6560 6539
5424 6539
6561 6539
6562 6539
6563 6539
6564 6539
6565 6539
6566 6539
6567 6539
6568 6539
6569 6539
5439 6539
7758 6597
7759 6597
6570 6606
6571 6606
6572 6606
6573 6606
6574 6606
99 6606
6575 6606
6576 6606
6577 6606
6578 6606
6579 6606
6580 6606
6581 6606
6582 6606
6583 6606
6584 6606
6585 6606
6586 6606
6587 6606
6588 6606
6589 6606
5417 6606
6590 6606
2917 6606
6591 6606
6592 6606
6593 6606
6594 6606
6595 6606
6596 6606
6597 6606
6598 6606
6599 6606
6600 6606
6601 6606
6602 6606
6603 6606
6604 6606
6605 6606
6607 6611
6608 6611
6356 6611
6609 6611
2412 6611
6610 6611
6612 6611
6613 6611
6614 6611
99 6611
6615 6611
6616 6611
6617 6611
6618 6611
4291 6611
6619 6611
6620 6611
5083 6611
6621 6611
6622 6611
6623 6611
6624 6611
6625 6611
6626 6611
6627 6611
6628 6611
6629 6611
6630 6611
6631 6611
6632 6611
6633 6611
6634 6611
6635 6611
6636 6611
5338 6611
6637 6611
6638 6611
6639 6611
6640 6611
6641 6611
6642 6611
6643 6611
6644 6611
6645 6611
6646 6611
6647 6611
6648 6683
6649 6683
6650 6683
6651 6683
6652 6683
6653 6683
6654 6683
6655 6683
99 6683
6656 6683
6657 6683
6658 6683
6541 6683
6659 6683
6660 6683
6661 6683
6662 6683
6663 6683
6664 6683
6665 6683
6666 6683
6667 6683
6668 6683
6669 6683
6670 6683
6671 6683
6672 6683
6673 6683
6674 6683
6675 6683
6676 6683
6677 6683
6678 6683
6679 6683
5539 6683
6680 6683
6681 6683
6682 6683
6684 6683
6685 6683
6709 6717
6710 6717
121 6717
6711 6717
6712 6717
6713 6717
6714 6717
5606 6717
6715 6717
6716 6717
5619 6717
6718 6722
6719 6722
6720 6722
6721 6722
5594 6722
6723 6722
6724 6722
6725 6722
6726 6722
6727 6722
6728 6722
6729 6722
6764 6733
6765 6733
6766 6733
6767 6733
5761 6733
6768 6733
5631 6733
6769 6733
6770 6733
6771 6733
6772 6733
6773 6733
5725 6733
6774 6733
6775 6733
5726 6733
2861 6733
6776 6733
6777 6733
2928 6733
5862 6733
5682 6733
5864 6733
6778 6733
6779 6733
6780 6733
6781 6733
5796 6733
6782 6733
5803 6733
6783 6733
221 6733
6784 6733
6785 6733
6786 6733
6787 6733
6788 6733
6789 6733
6790 6733
5818 6733
6791 6733
6792 6733
5825 6733
6793 6733
6794 6733
6795 6733
6796 6733
5669 6733
6797 6733
6798 6733
6799 6733
6800 6733
6801 6733
6802 6733
6803 6733
5761 6733
5672 6733
4398 6733
6804 6733
5673 6733
5763 6733
5631 6733
6805 6733
6806 6733
6807 6733
6808 6733
6809 6733
6810 6733
6811 6733
6812 6733
5845 6733
6813 6733
6814 6733
6815 6733
6816 6733
6817 6733
5850 6733
6818 6733
6819 6733
6775 6733
5726 6733
6820 6733
6821 6733
2861 6733
6822 6733
6823 6733
5682 6733
5863 6733
5642 6733
6824 6733
5684 6733
3911 6733
6825 6733
6826 6733
6827 6733
6828 6733
6829 6733
5793 6733
6830 6733
6831 6733
5796 6733
6832 6733
6833 6733
6834 6733
6835 6733
6836 6733
5736 6733
6837 6733
6838 6733
5802 6733
5803 6733
6783 6733
6839 6733
6840 6733
6841 6733
6842 6733
5887 6733
5691 6733
6843 6733
6844 6733
6845 6733
6846 6733
6847 6733
6848 6733
6849 6733
6850 6733
6851 6733
5814 6733
6852 6733
6853 6733
1977 6733
6854 6733
6855 6733
6856 6733
6857 6733
6858 6733
6859 6733
6860 6733
6861 6733
6862 6733
6863 6733
6864 6733
5752 6733
6865 6733
6866 6733
6867 6733
5827 6733
6868 6733
6869 6733
6870 6733
6871 6733
6730 6735
5636 6735
6731 6735
6732 6735
6733 6735
6734 6735
5639 6735
7852 6752
7853 6752
7100 7101
45 7101
7102 7101
1610 7135
7205 7204
45 7204
7206 7204
7207 7204
7208 7204
2777 7224
1842 7224
4913 7224
1842 7226
7225 7226
7227 7226
1845 7338
7337 7338
1845 7339
2777 7341
1842 7341
7340 7341
2783 7360
2916 7406
7407 7406
7408 7420
7409 7420
7410 7420
99 7420
4346 7420
4288 7420
7411 7420
7412 7420
7413 7420
7414 7420
7415 7420
7416 7420
7417 7420
7418 7420
7419 7420
7421 7420
7422 7420
7423 7420
7424 7420
7425 7420
7426 7420
7427 7420
7428 7420
7429 7420
7430 7420
7431 7420
7432 7420
7433 7420
7434 7420
7435 7420
7436 7420
7437 7420
7438 7420
7439 7466
7440 7466
7441 7466
7442 7466
7443 7466
7337 7466
7444 7466
7445 7466
5994 7466
99 7466
7446 7466
7447 7466
7448 7466
7449 7466
7450 7466
7451 7466
7452 7466
7453 7466
7454 7466
7455 7466
7456 7466
7457 7466
7458 7466
7459 7466
7460 7466
7461 7466
7462 7466
7463 7466
7464 7466
7465 7466
7467 7466
7468 7466
7469 7466
7470 7466
7471 7466
7472 7466
7473 7466
7474 7514
7475 7514
7476 7514
7477 7514
7478 7514
99 7514
7479 7514
7480 7514
7481 7514
7482 7514
7483 7514
7484 7514
7485 7514
7486 7514
7487 7514
7488 7514
7489 7514
7490 7514
7491 7514
7492 7514
7422 7514
7493 7514
7494 7514
7495 7514
7496 7514
7497 7514
5233 7514
7498 7514
7499 7514
5473 7514
7500 7514
7501 7514
7502 7514
7503 7514
7504 7514
7505 7514
7506 7514
7507 7514
7508 7514
7509 7514
7510 7514
7511 7514
7512 7514
7513 7514
7515 7531
7516 7531
7517 7531
1698 7531
7518 7531
7519 7531
7520 7531
99 7531
7521 7531
7522 7531
7523 7531
7524 7531
7525 7531
7526 7531
7527 7531
7528 7531
7529 7531
7530 7531
7532 7531
7533 7531
6597 7531
7534 7531
7535 7531
7536 7531
7537 7531
7538 7531
7539 7531
7540 7531
7541 7531
7542 7531
7543 7531
7544 7531
7545 7531
7546 7531
7547 7531
7548 7531
7549 7531
7550 7556
7551 7556
7552 7556
7553 7556
7554 7556
7555 7556
99 7556
7557 7556
7558 7556
7559 7556
5364 7556
7560 7556
7561 7556
7562 7556
7563 7556
7564 7556
7565 7556
7566 7556
7567 7556
7568 7556
7569 7556
7570 7556
6625 7556
7571 7556
7572 7556
7573 7556
7574 7556
7575 7556
7576 7556
7577 7556
5848 7584
7583 7584
7585 7584
5829 7591
7589 7591
7590 7591
7592 7591
7593 7595
5885 7595
7594 7595
7596 7595
7597 7595
5849 7600
7598 7600
7599 7600
7601 7600
7602 7600
7603 7606
7604 7606
7605 7606
6725 7606
7607 7606
7608 7609
5893 7609
7610 7609
3027 7609
7611 7609
7612 7609
7613 7609
7614 7609
7615 7609
7616 7617
6720 7617
7618 7617
6026 7640
7635 7640
7636 7640
7637 7640
7638 7640
7639 7640
2998 7640
7641 7640
7642 7640
7643 7640
1839 7640
45 7799
7797 7799
4375 7799
7798 7799
3318 7918
3318 7922
1842 7926
7927 7926
1845 7943
7942 7943
1845 7944
7945 7944
7947 7949
7948 7949
2783 7949
