837 838
837 839
839 840
839 841
840 842
840 843
842 844
842 845
844 846
844 847
847 848
847 849
848 850
848 851
850 852
850 853
853 854
853 855
855 856
855 857
856 858
856 859
858 860
858 861
860 862
860 863
862 864
862 865
864 866
864 867
867 868
867 869
868 870
868 871
871 872
871 873
873 874
873 875
874 876
874 877
876 878
876 879
878 880
878 881
881 882
881 883
882 884
882 885
884 886
884 887
887 888
887 889
888 890
888 891
890 892
890 893
893 894
893 895
894 896
894 897
896 898
896 899
898 900
898 901
901 902
901 903
903 904
903 905
905 906
905 907
907 908
907 909
908 910
908 911
910 912
910 913
912 914
912 915
914 916
914 917
916 918
916 919
919 920
919 921
920 922
920 923
923 924
923 925
925 926
925 927
927 928
927 929
928 930
928 931
