3459 3483
3460 3483
3461 3483
3462 3483
3463 3483
3464 3483
3465 3483
3466 3483
3467 3483
3468 3483
3469 3483
3470 3483
3471 3483
3472 3483
3473 3483
3474 3483
3475 3483
3476 3483
3477 3483
3478 3483
3479 3483
3480 3483
3481 3483
3482 3483
3484 3483
3485 3483
3486 3483
3487 3483
3488 3483
3489 3483
3490 3483
3491 3483
3492 3483
3493 3483
3494 3483
3495 3483
3496 3483
3497 3483
3498 3483
3499 3483
3500 3483
3501 3483
3502 3483
3503 3483
3504 3483
3505 3483
3506 3483
3507 3483
3508 3483
3509 3483
3510 3483
3511 3483
3512 3483
3513 3483
3514 3483
