69 70
69 71
71 72
71 73
73 74
73 75
75 76
75 77
77 78
77 79
78 80
78 81
80 82
80 83
82 84
82 85
84 86
84 87
87 88
87 89
89 90
89 91
91 92
91 93
93 94
93 95
95 96
95 97
97 98
97 99
99 100
99 101
100 102
100 103
102 104
102 105
104 106
104 107
107 108
107 109
108 110
108 111
110 112
110 113
113 114
113 115
114 116
114 117
116 118
116 119
118 120
118 121
121 122
121 123
123 124
123 125
124 126
124 127
126 128
126 129
129 130
129 131
131 132
131 133
133 134
133 135
134 136
134 137
136 138
136 139
139 140
139 141
140 142
140 143
142 144
142 145
144 146
144 147
146 148
146 149
149 150
149 151
151 152
151 153
153 154
153 155
155 156
155 157
156 158
156 159
159 160
159 161
160 162
160 163
162 164
162 165
164 166
164 167
166 168
166 169
169 170
169 171
170 172
170 173
172 174
172 175
174 176
174 177
176 178
176 179
179 180
179 181
181 182
181 183
