285 286
285 287
287 288
287 289
289 290
289 291
290 292
290 293
292 294
292 295
295 296
295 297
296 298
296 299
298 300
298 301
301 302
301 303
303 304
303 305
305 306
305 307
306 308
306 309
308 310
308 311
310 312
310 313
312 314
312 315
315 316
315 317
317 318
317 319
318 320
318 321
320 322
320 323
323 324
323 325
325 326
325 327
326 328
326 329
328 330
328 331
331 332
331 333
333 334
333 335
335 336
335 337
336 338
336 339
339 340
339 341
341 342
341 343
342 344
342 345
345 346
345 347
346 348
346 349
349 350
349 351
351 352
351 353
352 354
352 355
354 356
354 357
356 358
356 359
359 360
359 361
361 362
361 363
362 364
362 365
364 366
364 367
367 368
367 369
369 370
369 371
370 372
370 373
373 374
373 375
375 376
375 377
377 378
377 379
379 380
379 381
380 382
380 383
382 384
382 385
385 386
385 387
387 388
387 389
388 390
388 391
391 392
391 393
392 394
392 395
394 396
394 397
396 398
396 399
398 400
398 401
401 402
401 403
402 404
402 405
405 406
405 407
406 408
406 409
409 410
409 411
411 412
411 413
413 414
413 415
414 416
414 417
416 418
416 419
419 420
419 421
420 422
420 423
423 424
423 425
425 426
425 427
427 428
427 429
429 430
429 431
431 432
431 433
432 434
432 435
434 436
434 437
437 438
437 439
439 440
439 441
440 442
440 443
442 444
442 445
444 446
444 447
447 448
447 449
448 450
448 451
450 452
450 453
453 454
453 455
455 456
455 457
457 458
457 459
458 460
458 461
461 462
461 463
463 464
463 465
464 466
464 467
466 468
466 469
468 470
468 471
470 472
470 473
472 474
472 475
475 476
475 477
476 478
476 479
478 480
478 481
481 482
481 483
482 484
482 485
485 486
485 487
487 488
487 489
488 490
488 491
491 492
491 493
492 494
492 495
494 496
494 497
497 498
497 499
499 500
499 501
