1533 1536
1536 1537
1536 1538
1538 1539
1538 1540
1540 1541
1540 1542
1541 1543
1541 1544
1543 1545
1543 1546
1545 1547
1545 1548
1548 1549
1548 1550
1550 1551
1550 1552
1552 1553
1552 1554
1554 1555
1554 1556
1555 1557
1555 1558
1558 1559
1558 1560
1559 1561
1559 1562
1561 1563
1561 1564
1563 1565
1563 1566
1565 1567
1565 1568
1568 1569
1568 1570
1570 1571
1570 1572
1571 1573
1571 1574
1573 1575
1573 1576
1575 1577
1575 1578
1578 1579
1578 1580
1580 1581
1580 1582
1581 1583
1581 1584
1584 1585
1584 1586
1585 1587
1585 1588
1587 1589
1587 1590
1590 1591
1590 1592
1591 1593
1591 1594
1593 1595
1593 1596
1595 1597
1595 1598
1597 1599
1597 1600
1600 1601
1600 1602
1601 1603
1601 1604
1604 1605
1604 1606
1605 1607
1605 1608
1608 1609
1608 1610
1610 1611
1610 1612
1612 1613
1612 1614
1613 1615
1613 1616
1615 1617
1615 1618
1618 1619
1618 1620
1619 1621
1619 1622
1621 1623
1621 1624
1624 1625
1624 1626
1626 1627
1626 1628
1628 1629
1628 1630
1630 1631
1630 1632
1632 1633
1632 1634
1634 1635
1634 1636
1635 1637
1635 1638
1638 1639
1638 1640
1639 1641
1639 1642
1641 1643
1641 1644
1644 1645
1644 1646
1646 1647
1646 1648
1648 1649
1648 1650
1650 1651
1650 1652
1651 1653
1651 1654
1654 1655
1654 1656
1656 1657
1656 1658
1657 1659
1657 1660
1438 1439
1438 1440
1440 1441
1440 1442
1442 1443
1442 1444
1443 1445
1443 1446
1445 1447
1445 1448
1448 1449
1448 1450
1450 1451
1450 1452
1451 1453
1451 1454
1453 1455
1453 1456
1456 1457
1456 1458
1457 1459
1457 1460
1460 1461
1460 1462
1461 1463
1461 1464
1464 1465
1464 1466
1466 1467
1466 1468
1467 1469
1467 1470
1470 1471
1470 1472
1471 1473
1471 1474
1474 1475
1474 1476
1475 1477
1475 1478
1478 1479
1478 1480
1479 1481
1479 1482
1481 1483
1481 1484
1484 1485
1484 1486
1485 1487
1485 1488
1487 1489
1487 1490
1490 1491
1490 1492
1492 1493
1492 1494
1494 1495
1494 1496
1495 1497
1495 1498
1497 1499
1497 1500
1499 1501
1499 1502
1501 1503
1501 1504
1503 1505
1503 1506
1505 1507
1505 1508
1507 1509
1507 1510
1509 1511
1509 1512
1511 1513
1511 1514
1514 1515
1514 1516
1516 1517
1516 1518
1518 1519
1518 1520
1519 1521
1519 1522
1521 1523
1521 1524
1523 1525
1523 1526
1525 1527
1525 1528
1528 1529
1528 1530
1529 1531
1529 1532
1531 1533
1531 1534
1533 1535
