1661 1662
1661 1663
1662 1664
1662 1665
1665 1666
1665 1667
1667 1668
1667 1669
1668 1670
1668 1671
1670 1672
1670 1673
1673 1674
1673 1675
1674 1676
1674 1677
1676 1678
1676 1679
1678 1680
1678 1681
1681 1682
1681 1683
1683 1684
1683 1685
1684 1686
1684 1687
1686 1688
1686 1689
1689 1690
1689 1691
1691 1692
1691 1693
1693 1694
1693 1695
1694 1696
1694 1697
1697 1698
1697 1699
1698 1700
1698 1701
1700 1702
1700 1703
1702 1704
1702 1705
1705 1706
1705 1707
1706 1708
1706 1709
1708 1710
1708 1711
1711 1712
1711 1713
1712 1714
1712 1715
1715 1716
1715 1717
1717 1718
1717 1719
1719 1720
1719 1721
1721 1722
1721 1723
1722 1724
1722 1725
1725 1726
1725 1727
1727 1728
1727 1729
1729 1730
1729 1731
1730 1732
1730 1733
1732 1734
1732 1735
1734 1736
1734 1737
1736 1738
1736 1739
1739 1740
1739 1741
1741 1742
1741 1743
1742 1744
1742 1745
1745 1746
1745 1747
1747 1748
1747 1749
1748 1750
1748 1751
1750 1752
1750 1753
1753 1754
1753 1755
1754 1756
1754 1757
1757 1758
1757 1759
1758 1760
1758 1761
1760 1762
1760 1763
1763 1764
1763 1765
1764 1766
1764 1767
1767 1768
1767 1769
1768 1770
1768 1771
1771 1772
1771 1773
1772 1774
1772 1775
1774 1776
1774 1777
1777 1778
1777 1779
1779 1780
1779 1781
1781 1782
1781 1783
1782 1784
1782 1785
1784 1786
1784 1787
1787 1788
1787 1789
1788 1790
1788 1791
1791 1792
1791 1793
1792 1794
1792 1795
1795 1796
1795 1797
1796 1798
1796 1799
1799 1800
1799 1801
1800 1802
1800 1803
1803 1804
1803 1805
1805 1806
1805 1807
1806 1808
1806 1809
1808 1810
1808 1811
1811 1812
1811 1813
1813 1814
1813 1815
1814 1816
1814 1817
1817 1818
1817 1819
1819 1820
1819 1821
1820 1822
1820 1823
1823 1824
1823 1825
1825 1826
1825 1827
1827 1828
1827 1829
1829 1830
1829 1831
1831 1832
1831 1833
1832 1834
1832 1835
1834 1836
1834 1837
1837 1838
1837 1839
1838 1840
1838 1841
1840 1842
1840 1843
1842 1844
1842 1845
1845 1846
1845 1847
1847 1848
1847 1849
1849 1850
1849 1851
1850 1852
1850 1853
1853 1854
1853 1855
1855 1856
1855 1857
1856 1858
1856 1859
1859 1860
1859 1861
1861 1862
1861 1863
1862 1864
1862 1865
1864 1866
1864 1867
1866 1868
1866 1869
1869 1870
1869 1871
1870 1872
1870 1873
1872 1874
1872 1875
1874 1876
1874 1877
1877 1878
1877 1879
1879 1880
1879 1881
1881 1882
1881 1883
1882 1884
1882 1885
1884 1886
1884 1887
1886 1888
1886 1889
